,phase,diff_combat_score,diff_workers,diff_sq,diff_epm,diff_income,tech_diff,army_supply_ratio_diff,income_per_worker_diff,counter_advantage_p1,counter_advantage_p2,counter_advantage_diff,p1_combat,p1_workers,p1_sq,p1_epm,p1_scout,p1_army_entropy,p1_num_unit_types,p1_tech_level,p1_army_supply_ratio,p1_recent_losses,p1_worker_growth_ratio,p1_income_per_worker,p1_army_to_worker_ratio,p2_combat,p2_workers,p2_sq,p2_epm,p2_scout,p2_army_entropy,p2_num_unit_types,p2_tech_level,p2_army_supply_ratio,p2_recent_losses,p2_worker_growth_ratio,p2_income_per_worker,p2_army_to_worker_ratio,delta_combat_p1,delta_combat_p2,delta_workers_p1,delta_workers_p2,delta_sq_p1,delta_sq_p2,economic_momentum_15,combat_momentum_15,sq_momentum_15,income_momentum_15,diff_workers_60s,diff_combat_60s,diff_sq_60s,diff_income_60s,counter_advantage_diff_60s,diff_workers_120s,diff_combat_120s,diff_sq_120s,diff_income_120s,counter_advantage_diff_120s,diff_workers_vol_120,diff_combat_vol_120,diff_sq_vol_120,diff_income_vol_120,counter_advantage_vol_120,loss_trade_ratio
phase,1.0,0.08423748643480154,-0.04695428321893348,0.013597475970436647,-0.039496360324664595,-0.007461826199701987,0.03285196696213484,0.027108690855462546,0.02790431129423314,0.10111992355677586,0.09478190846734909,0.006243559412407728,0.6679950089263071,0.7376243153424734,0.4581988163295641,0.06539010586145247,0.6638217020829268,0.6477998830541646,0.6574951318634762,0.7053238377055923,0.6849262065106465,0.2655931897442738,-0.20365812848111814,-0.04514083968263276,0.6418226044649464,0.6589936662626523,0.7556037239932014,0.45236064101374834,0.10576905017771657,0.6650845638630347,0.6106544843227178,0.6402224165078552,0.6875046639093446,0.6651887998200896,0.2579106672859107,-0.17439820289679056,-0.07550717529159877,0.6124887472564874,0.06665820246832474,0.036792443157087,-0.07853071169600145,-0.03325741209483627,-0.020640593124544974,-0.009263112955764784,-0.035599944170410465,0.029279005784289294,-0.008514365703476516,-0.009331959092156181,-0.056972037961676374,0.07114944096958732,-0.01872716016763424,-0.0075160966015066465,-0.018708795102207288,-0.07685608190236208,0.08527710593169412,-0.030772399928381607,-0.03185016779779371,-0.02433577385307035,0.3806968972952421,0.6561361741183309,-0.22538343297118346,0.5055221277505889,-0.0935231849373649,0.2083287604253936
diff_combat_score,0.08423748643480154,1.0,-0.09041037138641403,0.07635581969804764,-0.04230158213860529,-0.07469960474023961,0.07666114667254649,0.7349903319431556,-0.0036290604881971562,-0.009810713283115217,-0.13103098698008142,0.08271609560834031,0.469836580088792,0.035087412023529094,0.06251943489837428,0.007542092159233928,0.10173663776328629,0.13751046478541257,0.22063693014108546,0.045229226449146794,0.3687672142284438,0.03492572343584903,-0.0065595367779911085,0.020958313523513683,0.4499594219815919,-0.2828242537836624,0.06828143946134303,-0.005422579516273386,0.055721746010997095,0.07209301670171225,-0.06823482606422383,-0.12192863701312526,-0.02242311530696303,-0.28248779912868605,0.12052635158418969,-0.026570221116963735,0.02463059011359595,-0.3135922254669801,0.14545557842759702,-0.11829415994242137,-0.016382683974152684,-0.023044402991101328,-0.01309923910197869,-0.0027886707295598297,0.004600839743642158,0.2237079472223928,-0.007607245662433408,-0.004360684031488427,-0.030974560425563662,0.4327554979022802,-0.007403162442889692,-0.017076242710698134,-0.01562665702183181,-0.0662703138588489,0.5877845890628332,0.004352762090892135,-0.041048725776386796,-0.01841958366730799,-0.008416227800789494,0.08625099870166715,0.05279817572669426,0.06708530650107207,-0.06648164177458402,0.10749753021419764
diff_workers,-0.04695428321893348,-0.09041037138641403,1.0,0.2617096427808635,0.06990949685962355,0.632924500009385,-0.22460638028843113,-0.317002719066913,-0.2530216412279164,0.009059419378709986,0.06389789459809976,-0.037332442017405564,-0.052911827148372434,0.18599018651269658,0.15581243061440037,0.0666002272078057,-0.010791139307840066,-0.09484204647377988,-0.15241313144517718,-0.12867788488955992,-0.14470269143049144,0.17998392770731347,0.12594326098639802,-0.08833322821615723,-0.1620466172500691,0.014233289829452886,-0.18056756956421371,-0.07787777702812898,-0.019264563687708784,-0.11346338640015938,-0.004745660237394054,0.03520895145292416,0.06959646484044296,0.13627635837915894,-0.08655428368786265,-0.1038443029582857,0.19614860849932805,0.14574964131622736,-0.05460109928452762,0.029949905239512364,0.16460743563191416,-0.14288490425242384,0.0029566314918426768,0.010404118068063916,0.23337713687302722,-0.07234171280857374,-0.00525404642498984,0.09002591439263069,0.4561098030064501,-0.13501590195168042,0.026036490929173865,0.22071146270282455,-0.017476610898155272,0.6094083973906416,-0.15646896259136092,0.05490360349131007,0.35199593987795863,-0.011543789724569598,0.10068024076218564,0.046217347285663714,0.0034412368834795854,0.026853684228719255,0.07600454535561604,-0.1817776312558279
diff_sq,0.013597475970436647,0.07635581969804764,0.2617096427808635,1.0,0.05963505013472093,0.46579667017033227,-0.0055578165830623165,0.06232434741774791,0.2653079572732645,0.039669746356140935,-0.027127426389861552,0.046430837554531604,0.03590710792183001,0.05969937352973659,0.459844896263526,0.025914144215920736,0.02601326910690947,0.023075038084553585,0.02825766973625833,0.01770300832883091,0.05161989531409553,0.04954144065747851,0.01906889285791306,0.13558943278741034,0.029819836514185637,-0.021560126460522782,-0.03622098296390196,-0.4349899297352553,-0.044892366906075405,-0.010863627529578007,-0.003104186011760689,-0.0148414448093718,0.022949443515247244,-0.0034741932904305576,-0.048524584466082384,-0.03236437104800706,-0.1634951663226041,0.002104725696494774,0.029029596396879288,-0.011393951805692542,0.03192257653428639,-0.03459820808838816,0.35266752638768184,-0.328601263035624,0.05040306813342181,0.03481638639221341,0.49270310989601906,0.18006534029376056,0.16684241526304763,0.03690856927115212,0.6311621344279608,0.3265309246200784,0.020055573295048097,0.21314777137662008,0.06239762328917133,0.6613093800149226,0.38928054256407163,0.03567890016289117,0.07135589465755686,0.03768066212464584,0.02890241841948441,0.05734096085611042,0.018393466206196887,-0.058759442785215596
diff_epm,-0.039496360324664595,-0.04230158213860529,0.06990949685962355,0.05963505013472093,1.0,0.09751894660244202,-0.10918008138157753,0.029531115242552586,0.017898478744707118,-0.0011422709931148422,0.018542767916541903,-0.013483963129581937,-0.08879121169791472,-0.045434510520395176,-0.03847724654266124,0.5545299753977659,-0.021345974265470313,-0.0664277048440654,-0.10168254469120669,-0.06520138397388654,-0.05829814770010291,0.08694370916083209,0.01974315458712111,-0.03499135687335808,-0.07182880347992036,-0.06291843160018606,-0.07112050658542558,-0.0927636704272873,-0.6422713929789983,-0.06198924850649083,-0.017495995807775534,-0.015253017836013282,0.031135634946634183,-0.08493132108742246,-0.17921005593280537,0.007877496230722463,-0.054358208402316976,-0.07826430159091953,-0.013671923250323773,0.012993733249829434,0.03912337780144146,0.010759915495003658,0.016281726753721804,-0.014919937038921157,0.02207325153534671,-0.022536024174668615,0.02256799580540818,0.038993958791421465,0.016742110948781412,-0.016655178467472626,0.026464798200982596,0.02067263071231817,0.005639886582586883,-0.0006781414027501565,-0.018319541090330946,0.0437904379339435,0.038208644509201,-0.006468675932291938,-0.009222108888846453,-0.06979658741126596,-0.012482035655014385,-0.018940997189196677,-0.0004099039321905689,-0.18172957443667292
diff_income,-0.007461826199701987,-0.07469960474023961,0.632924500009385,0.46579667017033227,0.09751894660244202,1.0,-0.1288667224456405,-0.1467025250074238,0.5218279180736449,0.03294912305730143,0.03443245368943098,-0.0003923842532359825,-0.04958849629553228,0.11836657037911015,0.24010953625462422,0.05873933112049089,0.02454826435257539,-0.04801970838571068,-0.09314673528025866,-0.05861924153772826,-0.0807896103576623,0.1120970577469009,0.035018260448807556,0.3209370593624712,-0.10171248575590044,0.005380434356877286,-0.11363614651320003,-0.17633861268490364,-0.0583394823479637,-0.06495394829772788,0.00490619584648434,0.010277786451863481,0.055387333038771636,0.04915368628113964,-0.13870878680298565,0.004682432907265492,-0.2683212499850498,0.057254614146255586,-0.006870691604318208,0.016778538794315633,0.05460378469509145,-0.0015243457684812407,0.07199371912768097,-0.04286478815717209,0.0431598596915434,-0.01957344950589988,0.08331033993053073,0.31984041824348164,0.2620785658297122,-0.06568750622633367,0.18282171528970392,0.5811254327919264,0.0011976747747219163,0.3805850849609831,-0.06778998863408316,0.25245025871763876,0.7012417891604196,0.02133042697576589,0.07433868534418096,0.009091340865415966,0.015684586221246997,0.01290459520104727,0.05571961822189364,-0.15460071872889383
tech_diff,0.03285196696213484,0.07666114667254649,-0.22460638028843113,-0.0055578165830623165,-0.10918008138157753,-0.1288667224456405,1.0,0.08440301835211658,0.0667586751442996,-0.03544940867032214,0.025507116176550004,-0.042356801545980094,0.054013820174742204,0.047301421285689524,0.07119968640069685,-0.057519295050057366,0.03519705286166265,0.19993281647509548,0.22842347516476103,0.4570100457152771,0.06356458030966447,-0.1691234247794535,0.0004362062341403273,0.024467861442940983,0.032130500979167954,-0.002128175710003517,0.1297242853141575,0.07720592866702489,0.07290885149159093,0.0390045751214589,-0.17280777276086393,-0.17443268233749107,-0.42764122266251364,-0.011087288128512791,0.16997639083119898,-0.03539066693316041,-0.05061277466078184,0.01160204148051082,0.05885620655414324,-0.035220277029064134,-0.002234831562141332,-0.022758135470390965,0.014916162848050423,0.005362626570209659,0.015274860714111091,0.0803425547547359,0.0071025772989524024,-0.02210076447178007,0.00810110737064298,0.1401168315418733,0.038376627098919494,-0.028007016375941978,-0.030181174850105345,-0.04930752193534098,0.15131630202080723,0.031686461375757466,-0.06003322788179607,-0.014447142017142946,-0.0011840343218129715,0.02166675035372404,-0.056500083974742495,0.005697220250255065,0.01209836647654418,0.23868044369419142
army_supply_ratio_diff,0.027108690855462546,0.7349903319431556,-0.317002719066913,0.06232434741774791,0.029531115242552586,-0.1467025250074238,0.08440301835211658,1.0,0.15080746216440158,0.1269311905808073,-0.23591532953732386,0.2505433969496292,0.2945765892562145,-0.07713585329640618,0.0034010492246406687,0.045198483109439934,0.03357076833351114,0.12350036041822254,0.23807247092014774,0.019152329355486133,0.4489695683621687,0.0728988919252143,0.02006045024759568,0.06813522340515418,0.4641817798326977,-0.2630150729613706,0.03904524971109373,-0.05272268206753384,0.007580506334260913,0.03866680712335556,-0.109224511106967,-0.19400983706619734,-0.05583122063773055,-0.43743993113991825,-0.013150113317888575,-0.0013718266788665127,-0.10170763112732047,-0.4412005036146363,0.12324001600870925,-0.1535109443253766,-0.007431497140448078,0.01563118576269017,-0.006067251049647562,-0.006013114951480034,-0.0173917205338755,0.2324240971044526,-0.0001562498016104633,-0.023489166287516013,-0.13665967405370882,0.42244748400902293,0.015328279066273732,-0.07646264611817159,0.0186911866421541,-0.22197610640032842,0.5447533072285983,-0.006834702790028219,-0.11787538309563456,0.05269311139044598,-0.05645100723041952,-0.013326469574703596,0.07598009369959642,-0.005278006397045377,-0.08432612931273556,-0.03444730913394517
income_per_worker_diff,0.02790431129423314,-0.0036290604881971562,-0.2530216412279164,0.2653079572732645,0.017898478744707118,0.5218279180736449,0.0667586751442996,0.15080746216440158,1.0,0.04941095602195137,-0.023798025767219587,0.05099971407681793,-0.010903402785182611,-0.05097757885821341,0.12277177300670093,-0.0034006173332328618,0.0400234560623395,0.0415169268521354,0.05210517476589215,0.04773342719195736,0.0560971744265332,-0.06632331201411108,-0.09743329175719694,0.5528427980729695,0.045353162202464006,-0.008968234195874475,0.04176543479072277,-0.11462422555493827,-0.02376967080822598,0.0339685967261661,0.004197729681998612,-0.032906561267654615,-0.011044184518797018,-0.07765406627648339,-0.05205854640202448,0.11762613743801169,-0.5752352528939059,-0.0753331209024212,0.043628609775091094,-0.005816644978409306,-0.088012836625731,0.13408520129866416,0.0942609178895857,-0.073577673095211,-0.16786085946690532,0.04322536608765001,0.12152625362982027,0.3112992219723117,-0.1188886101720413,0.045973312246292655,0.1888665612833877,0.4806988787783763,0.030122171400303394,-0.15652852904864326,0.05591350948114139,0.23505568734322374,0.47233401035220884,0.05574700724154916,-0.02395957207322012,-0.03549792631034711,0.0030975962726537427,-0.024800493951732287,-0.018987437083497267,0.018316915073863897
counter_advantage_p1,0.10111992355677586,-0.009810713283115217,0.009059419378709986,0.039669746356140935,-0.0011422709931148422,0.03294912305730143,-0.03544940867032214,0.1269311905808073,0.04941095602195137,1.0,-0.03995959084128308,0.7300969166811011,0.015094672204724944,0.057217781046540586,0.07091420192927225,0.026220346806502915,0.1062722781650432,0.16093268938647484,0.1849141102319802,0.1766978611174927,0.15493123441523682,0.0013127390836624793,0.050191221678777535,0.0684765078781156,0.08616611688256677,0.0241845598003013,0.05395412017509025,0.036153984928451934,0.025467728841900142,0.057752627526794525,0.22803579631025953,0.1643370302799789,0.21120004284236787,0.04304307081209026,-0.07704061446540418,0.022600856579070416,0.011981472812805488,-0.0030240351202662245,0.02624441600279968,0.006824256597017015,0.059012725149947466,0.034329383629344255,-0.012303071049026925,-0.002202045928239,0.019778947646360432,0.01769366381785452,-0.007442366959972539,0.0045974805489779145,0.025732423215439226,0.01973151300662571,0.03393544338108448,0.023176681509264444,0.3552719228872251,0.018116599408541698,0.01816321725556526,0.02608267134981045,0.015732965642294327,0.45493618105131295,0.0264074622788949,0.07682489203166568,-0.03536092773017933,0.005661161818947888,0.33076638818830956,-0.08563265849855466
counter_advantage_p2,0.09478190846734909,-0.13103098698008142,0.06389789459809976,-0.027127426389861552,0.018542767916541903,0.03443245368943098,0.025507116176550004,-0.23591532953732386,-0.023798025767219587,-0.03995959084128308,1.0,-0.7119721973294845,-0.05927217760899814,0.083475153654566,0.057510092039973225,-0.008835796511987017,0.0905045945624056,0.18325407682924513,0.0826343954530512,0.21341069809969734,-0.060132067972150594,-0.09490209538745338,0.035202287269424676,0.0664602561270302,-0.10142689541405737,0.0395480396387569,0.060126546924506315,0.08276476216411878,-0.029518711353173823,0.08043289260363551,0.16273460636135337,0.1788897884465922,0.19413183927642666,0.14927762806161668,-0.0027470314200175607,0.03056439197085796,0.091844672279669,0.09459603662946894,-0.014935995335408351,0.03855022847936325,0.049952373547027584,0.034358951810922175,-0.007053171150341016,-0.001822502466308764,0.012784273782962013,-0.044220809465449644,-0.0038671489340510643,0.006540568258294565,0.037575905393827776,-0.07524166043194279,-0.02439441476621872,0.017785555399565573,-0.31373490072016097,0.04818676671686548,-0.08555053508698478,0.003315848659087301,0.0274203776590236,-0.3883208508215646,-0.012212653315178465,0.05198721859849517,-0.06526856938806766,0.0318102317380662,0.3572408257109291,0.032901472698954284
counter_advantage_diff,0.006243559412407728,0.08271609560834031,-0.037332442017405564,0.046430837554531604,-0.013483963129581937,-0.0003923842532359825,-0.042356801545980094,0.2505433969496292,0.05099971407681793,0.7300969166811011,-0.7119721973294845,1.0,0.051143706966471164,-0.01687692885076557,0.010505732352345094,0.02446955725829486,0.01278968580529134,-0.012227102259828227,0.07343907341788997,-0.021771635754029246,0.15000457244625798,0.06582513085153599,0.011198346077341076,0.0026716703814260593,0.1299196952297122,-0.010050344488480264,-0.003202653545109667,-0.03119408139207907,0.03808547598046149,-0.014420483931717729,0.0489639356315144,-0.006849944683483574,0.01566004219001851,-0.07184011871609394,-0.05226308552709423,-0.005019496610150235,-0.0543914308099111,-0.06681846611084231,0.028658336323083556,-0.021568233780235653,0.007310390780713918,0.000627887219312509,-0.003822624358368592,-0.0003011386086431096,0.005156995522415329,0.04267671988519736,-0.0025855606227223123,-0.0012420615443338554,-0.0076138315602906695,0.06532370175738213,0.04053186854984109,0.0041244917398477405,0.4642341894731948,-0.02022265634966001,0.07127168679608552,0.016062416582145373,-0.007695877735433578,0.5852837096718712,0.02691045425364502,0.0184366188994804,0.019785948942652343,-0.01777620541144971,-0.011861020000163366,-0.08268095704601502
p1_combat,0.6679950089263071,0.469836580088792,-0.052911827148372434,0.03590710792183001,-0.08879121169791472,-0.04958849629553228,0.054013820174742204,0.2945765892562145,-0.010903402785182611,0.015094672204724944,-0.05927217760899814,0.051143706966471164,1.0,0.6813539860214778,0.41249845948693886,0.04545314692145302,0.5786598628954956,0.5923117091069947,0.6854428645294577,0.5661933463395804,0.8138745687715755,0.25526962492563776,-0.24894187743589252,-0.10985164662758873,0.8934279499101997,0.7138309536359904,0.7014604202934368,0.3859131611005764,0.14424423868611305,0.5758765080336282,0.4214964644773689,0.4910921828513071,0.5272297193273503,0.5571076222931278,0.31788665364551916,-0.23932142802141917,-0.0956457489471108,0.5923360206974438,0.19226661136421844,0.06082860110078505,-0.17667783637423795,-0.14015475083151335,-0.04776470799575414,-0.030599958077496346,-0.031305235380861426,0.12090444843491355,-0.013167635896842046,-0.018291267683572462,-0.060432433305193635,0.24104981634622225,-0.024283393161025856,-0.02816712051599549,-0.03168512664493898,-0.08624058670060149,0.3171223285470782,-0.03269174843717843,-0.05479898739729145,-0.04401350386919412,0.27331086695566653,0.6981724836608665,-0.0445893575140119,0.489907477161092,-0.26350433620360675,0.2796887082959841
p1_workers,0.7376243153424734,0.035087412023529094,0.18599018651269658,0.05969937352973659,-0.045434510520395176,0.11836657037911015,0.047301421285689524,-0.07713585329640618,-0.05097757885821341,0.057217781046540586,0.083475153654566,-0.01687692885076557,0.6813539860214778,1.0,0.7091820852779018,0.09433801941707758,0.6591944631859695,0.6393478772014489,0.6523580785514214,0.6515205207254946,0.6073590098817867,0.3349856413206958,-0.185677094245233,-0.04972992289613087,0.5640651589499954,0.7125015167355494,0.932817194689555,0.6653083508846879,0.1392788382904499,0.6494169209397109,0.605885953803557,0.6615153960081847,0.6199347478560242,0.6798286878631553,0.25877384902723966,-0.22555615379972396,0.00817233325413046,0.6478078894118607,0.10137322267106089,0.10472939850654589,-0.019228951476870947,-0.05299459687147582,-0.021598190764666188,-0.0009158924440119145,0.02477585354955814,0.005272215028982025,-0.015168912888651243,0.009641436831169274,0.06548186228621258,0.02296609220603556,-0.016022162546159808,0.03514134765541778,-0.028996820187088653,0.09228563294444324,0.03711101423225206,-0.025756229751771567,0.04673271407963745,-0.03680205796901711,0.45447839294329595,0.7027031276411889,-0.15113213897020747,0.5585110300533259,-0.175645811888663,0.2251603877565531
p1_sq,0.4581988163295641,0.06251943489837428,0.15581243061440037,0.459844896263526,-0.03847724654266124,0.24010953625462422,0.07119968640069685,0.0034010492246406687,0.12277177300670093,0.07091420192927225,0.057510092039973225,0.010505732352345094,0.41249845948693886,0.7091820852779018,1.0,0.02955418227336715,0.4074783730658062,0.413900128461661,0.4436793983015957,0.43182407776156023,0.41241445223605894,0.17339868455292334,-0.08861027240159458,0.2864309689811634,0.34406844768584505,0.39860891441548446,0.6527677133696368,0.5995579892259101,0.0715867494216106,0.3927717293367996,0.4102916191648019,0.4393790951655574,0.3753405027112125,0.41202107969284385,0.1231666606266203,-0.11312602167166448,0.14392252441966144,0.3683868396000454,0.14986677609333013,0.11168390185852754,0.03121727353279135,0.010308998440986775,0.318124569295627,0.029051326042953192,0.016325658391724902,0.04251725887963863,0.21232859966062523,0.07859785043790053,0.06490944948052231,0.062152007802231,0.2648939441152665,0.15289155388592243,0.017217139169511213,0.084728541680753,0.08556569962099098,0.26898239583190753,0.1696985423400824,0.017615365833930897,0.2884908060162931,0.4221241378571375,0.0011239803681189653,0.34811094415389476,-0.08937606679846838,0.13140569066508484
p1_epm,0.06539010586145247,0.007542092159233928,0.0666002272078057,0.025914144215920736,0.5545299753977659,0.05873933112049089,-0.057519295050057366,0.045198483109439934,-0.0034006173332328618,0.026220346806502915,-0.008835796511987017,0.02446955725829486,0.04545314692145302,0.09433801941707758,0.02955418227336715,1.0,0.08198733236658401,0.01923829019258068,0.007116293720199366,-0.020265632293976866,0.10155696498971897,0.2872005964768886,-0.08894813746243693,0.0091825849502726,0.08559535467175743,0.04340454598332837,0.07000951172463704,0.006612312237790621,0.28167588775777586,0.05844946169111707,0.02580955116133907,0.0254740773255326,0.030716955777327106,0.0620110437107287,0.08892229482814079,-0.09269636993044034,0.012815658451244095,0.059620007529034964,-0.08636469829617942,-0.10154492341959957,-0.0753525528615397,-0.07677473191077851,-0.05016968698497828,-0.07517388369568544,-0.0006573968186942153,0.005424317037136841,0.016859644255002765,0.024414113982767844,-0.0018226944069108333,0.0027335643215578983,0.013197212657578247,0.014951649595456425,0.024551806689833845,0.001200153320203307,-0.006143178429457796,0.001909419532836817,0.017596675890267442,0.007912215558483432,0.10765076886959223,0.06616158045249997,-0.03631272432430517,0.0665884896661511,0.006828085941327202,-9.736782356642901e-05
p1_scout,0.6638217020829268,0.10173663776328629,-0.010791139307840066,0.02601326910690947,-0.021345974265470313,0.02454826435257539,0.03519705286166265,0.03357076833351114,0.0400234560623395,0.1062722781650432,0.0905045945624056,0.01278968580529134,0.5786598628954956,0.6591944631859695,0.4074783730658062,0.08198733236658401,1.0,0.5350582900648906,0.5555744328263071,0.5942624929718529,0.5281781676158276,0.2004391125912574,-0.2317863568152091,-0.05978501674268987,0.5115525363985189,0.5480422745973315,0.6638303712677303,0.38973983768244547,0.10012824637322879,0.5530345152979665,0.5110472822425496,0.5213899415216747,0.5725423793051141,0.5016941950872542,0.19519648141817653,-0.2282632163464285,-0.10343085515041849,0.47231835673774947,0.04119325733279551,0.034322462455211304,-0.12188201140973591,-0.10673514042398269,-0.03508313210672356,-0.009446639024063145,-0.014092119786487747,0.008769623788750349,-0.018963596108099036,-0.007042070363118432,-0.012578583505166106,0.03480558131785343,-0.026077710729666057,-0.011199107088014136,0.010284905567706133,-0.008007949146115561,0.05547983923010465,-0.044223224598104495,-0.013708858777477477,0.004813718016878841,0.31692679371858873,0.6074251161980884,-0.11056407065235979,0.45691179172808666,-0.18034742291168884,0.16962131572425906
p1_army_entropy,0.6477998830541646,0.13751046478541257,-0.09484204647377988,0.023075038084553585,-0.0664277048440654,-0.04801970838571068,0.19993281647509548,0.12350036041822254,0.0415169268521354,0.16093268938647484,0.18325407682924513,-0.012227102259828227,0.5923117091069947,0.6393478772014489,0.413900128461661,0.01923829019258068,0.5350582900648906,1.0,0.9122800622450261,0.7380134056895863,0.6435260695259567,0.1304269876740774,-0.1570962378349336,-0.031300296305233066,0.578059913066172,0.5344953526844967,0.6747889613447162,0.3988996806060584,0.0943128489850257,0.5839872635701744,0.5541374937899565,0.5723701542224354,0.5716747071360156,0.5378059547528206,0.19365137434035337,-0.16200776267282832,-0.07713865449467378,0.4856733122998365,0.10592588692090703,0.07942833700801398,-0.05457400800989087,-0.040126783561954885,-0.02825001413843409,-0.011278007164998596,-0.012033804250483957,0.02965676238664279,-0.012651795211185606,-0.01095009155954568,-0.0331220079444451,0.07021649699011905,-0.007778665739923084,-0.01641218971625482,-0.04241597744979156,-0.0634652311252299,0.08169932772674031,0.00717382439369174,-0.031072334012176215,-0.07247561344178491,0.30385718863399397,0.5585118232916069,-0.16458944835143166,0.43133989815173485,-0.07243616390940469,0.18986311507942039
p1_num_unit_types,0.6574951318634762,0.22063693014108546,-0.15241313144517718,0.02825766973625833,-0.10168254469120669,-0.09314673528025866,0.22842347516476103,0.23807247092014774,0.05210517476589215,0.1849141102319802,0.0826343954530512,0.07343907341788997,0.6854428645294577,0.6523580785514214,0.4436793983015957,0.007116293720199366,0.5555744328263071,0.9122800622450261,1.0,0.7634581173572341,0.7768235924058153,0.14019951557551,-0.18646153428743562,-0.02301736094442035,0.7186834754927326,0.5697416724612315,0.7089266945115494,0.4244250217906277,0.12379757781427088,0.610627485622979,0.5541468130025324,0.5840955988944381,0.5721174793311841,0.5700679030036615,0.22219227041776687,-0.19117408193443006,-0.08084468653652702,0.5214205436875078,0.15160422251514044,0.08853287243371866,-0.08178357386621803,-0.06247333113353508,-0.03592460724721483,-0.011166518250536626,-0.016286156818647462,0.06268431692759215,-0.01835345456633182,-0.01998008809553328,-0.0465802296915127,0.12683838030844802,-0.010151980668610798,-0.03594821732764995,-0.02822147029640445,-0.08109249620151228,0.1517115802799249,-0.010975993667680707,-0.06175479820508571,-0.03979680113657009,0.3251582624979423,0.5881033594166986,-0.1458639311301243,0.4814640525936381,-0.12061930466356258,0.2232484812625252
p1_tech_level,0.7053238377055923,0.045229226449146794,-0.12867788488955992,0.01770300832883091,-0.06520138397388654,-0.05861924153772826,0.4570100457152771,0.019152329355486133,0.04773342719195736,0.1766978611174927,0.21341069809969734,-0.021771635754029246,0.5661933463395804,0.6515205207254946,0.43182407776156023,-0.020265632293976866,0.5942624929718529,0.7380134056895863,0.7634581173572341,1.0,0.6152164281580536,0.06589108674573192,-0.17915701020891997,-0.03665177807635179,0.5401346030322418,0.5793257895230723,0.699383393927311,0.42191632232788895,0.05651316511067924,0.5979654691700835,0.5911251904204807,0.6262170828476034,0.6085911298142384,0.6021096759890285,0.2027012729015545,-0.190726980203544,-0.08934149857745545,0.5483893787654975,0.11579012375258457,0.07027031626170825,-0.06775874832618203,-0.058354675866507985,-0.021711520749824253,-0.009937125192714153,-0.008568664102778597,0.0457418455307456,-0.008818201315435448,-0.01848527231501164,-0.018519304060508675,0.08798412746515064,-0.0010652391849007596,-0.027918094384359587,-0.022529762814456688,-0.057039328404528994,0.10213915796724483,-0.0023978595878565586,-0.04885727051527576,-0.02536234193930182,0.29183207428882496,0.5803756669746535,-0.17683825352638996,0.47051403628092353,-0.024526857871981455,0.20928988835048676
p1_army_supply_ratio,0.6849262065106465,0.3687672142284438,-0.14470269143049144,0.05161989531409553,-0.05829814770010291,-0.0807896103576623,0.06356458030966447,0.4489695683621687,0.0560971744265332,0.15493123441523682,-0.060132067972150594,0.15000457244625798,0.8138745687715755,0.6073590098817867,0.41241445223605894,0.10155696498971897,0.5281781676158276,0.6435260695259567,0.7768235924058153,0.6152164281580536,1.0,0.30311689790472623,-0.22043818690356473,-0.03961144632623516,0.9604674263270307,0.5917747231286948,0.6610535276516427,0.37166643859305243,0.16076011701415718,0.5378812232780159,0.49616584384236323,0.5507993952329122,0.5685310766653835,0.607122851256821,0.24063321460936166,-0.21563704557966362,-0.10159690767782205,0.5673670121417483,0.20496142693576563,0.06303350871698779,-0.12398441916622666,-0.09115069660082856,-0.04218679199448444,-0.021203092765530347,-0.02734781714821542,0.13034527545579566,-0.015783068473718104,-0.020248846637633024,-0.08558661486747841,0.23601260828737478,-0.013791839984751236,-0.04236847103772532,-0.010433586227487735,-0.12220450189382452,0.2910387967430369,-0.024025820558196995,-0.07188016396817909,0.004640852406041055,0.3399447173917674,0.5901752758188841,-0.11221077194873122,0.4727547438620212,-0.1417261435561297,0.2026730349687575
p1_recent_losses,0.2655931897442738,0.03492572343584903,0.17998392770731347,0.04954144065747851,0.08694370916083209,0.1120970577469009,-0.1691234247794535,0.0728988919252143,-0.06632331201411108,0.0013127390836624793,-0.09490209538745338,0.06582513085153599,0.25526962492563776,0.3349856413206958,0.17339868455292334,0.2872005964768886,0.2004391125912574,0.1304269876740774,0.14019951557551,0.06589108674573192,0.30311689790472623,1.0,-0.10454816053218662,-0.06755748316843337,0.2830244702801271,0.2496600914163025,0.2693213707476597,0.13117661176735088,0.16428186687018304,0.21946688436285583,0.15414992430291766,0.19285909373116922,0.21783840517787176,0.24022362600199468,0.2009740077156373,-0.13713905245005503,0.007827491909449879,0.24369035687901863,-0.26406989796104763,-0.2445934487559226,-0.09224382159527472,-0.10153388501709996,-0.09626817060247356,-0.04374733843776223,0.004832546496186906,-0.03644460344861317,-0.03932323086012217,-0.055911965828515195,-0.024201787049741234,0.007231929310810161,-0.0053333232726840716,-0.01702508792085061,0.020296542927740403,-0.004343495258480703,0.0027698913370130898,-0.02129838796252889,-0.0055850073694985085,0.012148702431650699,0.24026482326001053,0.23928066730386166,-0.046200145620072165,0.18949071752498445,-0.06161115091157738,-0.13060592177515215
p1_worker_growth_ratio,-0.20365812848111814,-0.0065595367779911085,0.12594326098639802,0.01906889285791306,0.01974315458712111,0.035018260448807556,0.0004362062341403273,0.02006045024759568,-0.09743329175719694,0.050191221678777535,0.035202287269424676,0.011198346077341076,-0.24894187743589252,-0.185677094245233,-0.08861027240159458,-0.08894813746243693,-0.2317863568152091,-0.1570962378349336,-0.18646153428743562,-0.17915701020891997,-0.22043818690356473,-0.10454816053218662,1.0,-0.06544436025643947,-0.2413869797425443,-0.26528841488138893,-0.23205772468760377,-0.10703753488870416,-0.10469150479329635,-0.24102664383624653,-0.15064151244929774,-0.1915171137584304,-0.1824641501172656,-0.23968375513195916,-0.1265806443980459,0.1769039223063885,0.04468056738287676,-0.2564465143040018,-0.013172590307526705,0.025427199183014105,0.8950595214238752,0.12130038840346688,0.02875665482524493,0.03519421134358481,0.5982312967472534,-0.03210141608604966,-0.004033537267958612,0.0994170108733857,0.28545166429154833,-0.003362238555474105,0.049470914608136136,0.0759503481998325,0.009658215398090919,0.19630596284355004,0.0023558898928786923,0.013780269760098886,0.062337926972095246,0.016877741130353795,-0.09044982095313829,-0.23451503727551698,0.01846546903483083,-0.19340976725593126,0.16940535817849228,-0.05690922843413518
p1_income_per_worker,-0.04514083968263276,0.020958313523513683,-0.08833322821615723,0.13558943278741034,-0.03499135687335808,0.3209370593624712,0.024467861442940983,0.06813522340515418,0.5528427980729695,0.0684765078781156,0.0664602561270302,0.0026716703814260593,-0.10985164662758873,-0.04972992289613087,0.2864309689811634,0.0091825849502726,-0.05978501674268987,-0.031300296305233066,-0.02301736094442035,-0.03665177807635179,-0.03961144632623516,-0.06755748316843337,-0.06544436025643947,1.0,-0.08377239773796165,-0.13598823788857048,-0.01738495728684205,0.16823898310395,0.04880383963389349,-0.08683170446864792,0.036198412232948333,0.0083389183978287,-0.05907639175743437,-0.10045502572952877,-0.0709569957528466,0.042361246460655096,0.36360294797816745,-0.12429217439478447,0.04037959227510512,0.00198599160089414,-0.07570651368317875,0.033418277194292835,0.09480960331344908,0.009488084067310604,-0.08321684620435645,0.034075380581677285,0.06268763676134172,0.1822466600094087,-0.0472028898806785,0.029694894660794616,0.09926864009423901,0.285355078311701,0.007480318016336583,-0.06409586118951427,0.04497886441034692,0.11873759657487461,0.27601935034247493,0.0385971504750642,-0.15662630875967953,-0.1349722432765876,-0.03593994226419389,-0.15068905395232196,0.08145255027867386,-0.051798516507129605
p1_army_to_worker_ratio,0.6418226044649464,0.4499594219815919,-0.1620466172500691,0.029819836514185637,-0.07182880347992036,-0.10171248575590044,0.032130500979167954,0.4641817798326977,0.045353162202464006,0.08616611688256677,-0.10142689541405737,0.1299196952297122,0.8934279499101997,0.5640651589499954,0.34406844768584505,0.08559535467175743,0.5115525363985189,0.578059913066172,0.7186834754927326,0.5401346030322418,0.9604674263270307,0.2830244702801271,-0.2413869797425443,-0.08377239773796165,1.0,0.6138023775251416,0.6240759998967089,0.32201111913685876,0.16165967821527677,0.5133761348582991,0.4137833276485726,0.4780191702853362,0.520268541467628,0.5538102494336552,0.2620840990526099,-0.22460134043299598,-0.13293610570978723,0.5505663183859197,0.21091939066934498,0.05801965094364619,-0.16694442993740477,-0.1207135261244544,-0.04955314608190238,-0.026610181509659738,-0.03833248636457717,0.1396440773759044,-0.017323201133962685,-0.028881426024477165,-0.10351190829964707,0.2616882075515999,-0.030093517235985617,-0.05798670473519395,-0.018906198811946443,-0.1446716246986292,0.3256579483139739,-0.04037909731865775,-0.09039931352933106,-0.01197940600387543,0.29899206348684954,0.5994400421588829,-0.06605455647433812,0.46409696772925246,-0.20403925123364855,0.23196079019320348
p2_combat,0.6589936662626523,-0.2828242537836624,0.014233289829452886,-0.021560126460522782,-0.06291843160018606,0.005380434356877286,-0.002128175710003517,-0.2630150729613706,-0.008968234195874475,0.0241845598003013,0.0395480396387569,-0.010050344488480264,0.7138309536359904,0.7125015167355494,0.39860891441548446,0.04340454598332837,0.5480422745973315,0.5344953526844967,0.5697416724612315,0.5793257895230723,0.5917747231286948,0.2496600914163025,-0.26528841488138893,-0.13598823788857048,0.6138023775251416,1.0,0.7080145866672339,0.42362286682412903,0.11252525632432937,0.5685352540100581,0.5121176243568278,0.6303352264830542,0.5906600371406181,0.8294424981142009,0.2497878960525828,-0.23895999025948733,-0.12346590269660292,0.8923967442454852,0.0935159621473123,0.15994116686206766,-0.1789755751679944,-0.13400578714693887,-0.04150754257949556,-0.031036593483235914,-0.03766527317457872,-0.04610413443502887,-0.008272449348522188,-0.016415231304441946,-0.041090794341616624,-0.08140247466869976,-0.02051238331592521,-0.01705833703178037,-0.022030895669393456,-0.04113180060209647,-0.12173431100051181,-0.03897500574166755,-0.026977496338608974,-0.033210794885047024,0.3036477618987207,0.6901861621460185,-0.09033594910801673,0.4790968280659857,-0.23357329237701052,0.21861942835452977
p2_workers,0.7556037239932014,0.06828143946134303,-0.18056756956421371,-0.03622098296390196,-0.07112050658542558,-0.11363614651320003,0.1297242853141575,0.03904524971109373,0.04176543479072277,0.05395412017509025,0.060126546924506315,-0.003202653545109667,0.7014604202934368,0.932817194689555,0.6527677133696368,0.07000951172463704,0.6638303712677303,0.6747889613447162,0.7089266945115494,0.699383393927311,0.6610535276516427,0.2693213707476597,-0.23205772468760377,-0.01738495728684205,0.6240759998967089,0.7080145866672339,1.0,0.6945545156054156,0.14648740885518055,0.6916977256300497,0.6082498368082839,0.6492831990200153,0.5950481766185409,0.6305489507145008,0.2907838180965487,-0.18770342853045024,-0.06375658900277623,0.5950208867439053,0.12150243448623678,0.09385305645777457,-0.07961837019701343,-0.0006462107997766302,-0.022704755883247413,-0.004732536060968087,-0.06078951509400746,0.03180889984687913,-0.013257603746097765,-0.023365568336122734,-0.1017286335759811,0.07250668703388446,-0.025587508616740362,-0.04576823063364307,-0.02261712418194466,-0.13111940937422137,0.09453405451534792,-0.045918579876441254,-0.08231340493481396,-0.032606250022681436,0.41802163044619145,0.6864759905152369,-0.15254971449024493,0.5492371354049144,-0.2037011404202497,0.2920588504608931
p2_sq,0.45236064101374834,-0.005422579516273386,-0.07787777702812898,-0.4349899297352553,-0.0927636704272873,-0.17633861268490364,0.07720592866702489,-0.05272268206753384,-0.11462422555493827,0.036153984928451934,0.08276476216411878,-0.03119408139207907,0.3859131611005764,0.6653083508846879,0.5995579892259101,0.006612312237790621,0.38973983768244547,0.3988996806060584,0.4244250217906277,0.42191632232788895,0.37166643859305243,0.13117661176735088,-0.10703753488870416,0.16823898310395,0.32201111913685876,0.42362286682412903,0.6945545156054156,1.0,0.11304964995834822,0.40806344979679554,0.4188353096690183,0.45890863901917966,0.3599132383150577,0.4209224688062559,0.1686255427108341,-0.0855411143239549,0.2932921680520244,0.3716490101619988,0.12580195619567863,0.12351707037468598,0.0028834459810635656,0.04163586361485277,0.004729431436325553,0.32561820418564463,-0.028872720856373848,0.011733565191261147,-0.22875870506042695,-0.08258976619277317,-0.08455237894199381,0.029757659092779006,-0.3002468293402336,-0.13926134501570064,-0.0006173239670634883,-0.10618957744196962,0.030526608891932275,-0.3232720722242864,-0.17877362876242878,-0.014294430557771251,0.2282197343164067,0.3940751835037238,-0.024909299125705154,0.30130613422862285,-0.10720530892525917,0.18620437651823543
p2_epm,0.10576905017771657,0.055721746010997095,-0.019264563687708784,-0.044892366906075405,-0.6422713929789983,-0.0583394823479637,0.07290885149159093,0.007580506334260913,-0.02376967080822598,0.025467728841900142,-0.029518711353173823,0.03808547598046149,0.14424423868611305,0.1392788382904499,0.0715867494216106,0.28167588775777586,0.10012824637322879,0.0943128489850257,0.12379757781427088,0.05651316511067924,0.16076011701415718,0.16428186687018304,-0.10469150479329635,0.04880383963389349,0.16165967821527677,0.11252525632432937,0.14648740885518055,0.11304964995834822,1.0,0.1253112330349317,0.04394569139073263,0.041050477553364134,-0.00760798765013096,0.1550445769086711,0.2885377932030591,-0.09446241451734334,0.0744806953883408,0.1451550037866926,-0.06378340726220746,-0.1085116854946658,-0.11451505624397038,-0.08312105868236101,-0.06498288318366154,-0.052036937130119296,-0.026056622569498283,0.030980858880732716,-0.01049273560566984,-0.02247419931705867,-0.02098297392812189,0.021721709021349764,-0.018359204256179623,-0.010064711168209058,0.016110864267591795,0.001887337048383277,0.015464707413721624,-0.04873297996819267,-0.027848015431912676,0.014746244816022852,0.1097867736436021,0.14141669391292003,-0.019054237667611745,0.08317189365538734,0.006761745713083129,0.20944993478019502
