,phase,diff_combat_score,diff_workers,diff_sq,diff_epm,diff_income,tech_diff,army_supply_ratio_diff,income_per_worker_diff,counter_advantage_p1,counter_advantage_p2,counter_advantage_diff,p1_combat,p1_workers,p1_sq,p1_epm,p1_scout,p1_army_entropy,p1_num_unit_types,p1_tech_level,p1_army_supply_ratio,p1_recent_losses,p1_worker_growth_ratio,p1_income_per_worker,p1_army_to_worker_ratio,p2_combat,p2_workers,p2_sq,p2_epm,p2_scout,p2_army_entropy,p2_num_unit_types,p2_tech_level,p2_army_supply_ratio,p2_recent_losses,p2_worker_growth_ratio,p2_income_per_worker,p2_army_to_worker_ratio,delta_combat_p1,delta_combat_p2,delta_workers_p1,delta_workers_p2,delta_sq_p1,delta_sq_p2,economic_momentum_15,combat_momentum_15,sq_momentum_15,income_momentum_15,diff_workers_60s,diff_combat_60s,diff_sq_60s,diff_income_60s,counter_advantage_diff_60s,diff_workers_120s,diff_combat_120s,diff_sq_120s,diff_income_120s,counter_advantage_diff_120s,diff_workers_vol_120,diff_combat_vol_120,diff_sq_vol_120,diff_income_vol_120,counter_advantage_vol_120,loss_trade_ratio
phase,1.0,0.06742042336785466,-0.06066822991110508,-0.018807262332615392,-0.041203488178229,-0.04504308098484974,0.0244693376071377,0.028396105632540337,0.001654515441265831,0.13799989544891975,0.0760859368160133,0.04051302333715706,0.636610290211557,0.7355313680521458,0.42431031011314313,0.06306391991776478,0.6244929186233813,0.6220955436862421,0.6492423091326066,0.6987501740248477,0.6598392921395229,0.22149111175822211,-0.17936681861074985,-0.012713344025888772,0.6014086696425649,0.6388204109685703,0.7409723483457424,0.44113541034238374,0.123529217852743,0.6400995399685621,0.6202469579980269,0.646188914021958,0.7003549664345419,0.6410174007111883,0.23769201258195646,-0.14505715299659513,-0.012268493559097567,0.37316172753040794,0.07342850855993178,0.05688753702766308,-0.05504570605879536,-0.028215686013878784,-0.011067298046829672,-0.011236584512332686,-0.02086776410353218,0.01497079740729979,7.097469730538161e-05,-0.009539889610399229,-0.03721500755862836,0.02555120168608763,-0.008232970001253304,-0.014414505299655923,0.03689206555110423,-0.04713865283714382,0.0357126872921416,-0.013799258813703854,-0.02534909001080815,0.04549358673976336,0.4362820978092266,0.636603892825774,-0.24648210681446614,0.516539644122281,-0.0643225831425436,0.1686772422931911
diff_combat_score,0.06742042336785466,1.0,-0.11269334589584941,0.027083524140976867,-0.031308102798431416,-0.10295726447617594,0.08481641479470553,0.7578893104326884,-0.005184783368461706,0.06575313479403816,-0.08224710721692174,0.10241693167926408,0.4367751548401722,0.02325855931634165,0.018587583385145857,-0.004513308740599988,0.030746994409328213,0.1108004766508853,0.1886506538863954,0.06913016584778654,0.37645119847359054,0.05526003486883642,-0.0022119161861456666,0.02374991454101832,0.43705145738589724,-0.24093390338611584,0.06459578571135664,-0.006507260988943271,0.03518666710046896,0.07647085261862502,-0.03164517752275698,-0.10198613889052188,-0.0009108912198544574,-0.2951101138400341,0.02120386922714145,-0.01589746573377783,0.025310532729286444,-0.2408495806567753,0.1447024133727269,-0.15333051057152114,-0.00795384991040676,-0.01304797005247047,-0.014109469833570214,0.007888634701620273,0.003811066588765866,0.2504258194409235,-0.016015365897789804,-0.015677258801256394,-0.04122611874645288,0.48040802959489887,-0.035534179324569426,-0.046466459372385714,-0.00911046898553122,-0.07523043506946965,0.6473705781796805,-0.03915213622337351,-0.07520378470995698,-0.006658962441835704,0.02890803417697579,0.042608896426639016,0.0029166659766368098,0.030625365326323654,-0.03420224906316592,-0.015092595240087252
diff_workers,-0.06066822991110508,-0.11269334589584941,1.0,0.27565436310519603,0.08955300136247703,0.6997185425425407,-0.23130338943587936,-0.33402894017982576,-0.1738858486567768,0.0046010590926167895,0.05816272602027393,-0.03766422402970591,-0.13105191633823982,0.1269081289882112,0.10320502368552004,0.04665670480198855,0.024187790237732987,-0.08732494747338718,-0.1431366090746092,-0.13199335579749447,-0.19093315566596838,0.06979028242821252,0.12769725793381467,-0.08761892051485488,-0.2240937437700607,-0.06113453937333592,-0.24765391684468263,-0.1520904620828688,-0.06288134581411582,-0.12267221474009576,0.03863591910377833,0.0659904062473131,0.06083255160724795,0.10480232678889957,-0.1271967662332707,-0.10722945206549589,0.12707623617316222,0.09992408600716103,-0.052300094909106684,0.006862981817544339,0.1684422646963524,-0.15715999305166786,0.007057350805078729,-0.0006829790940567237,0.24914662093407827,-0.050098958676627975,0.005645010722547744,0.1072751052136467,0.4865670179865092,-0.09467955698591579,0.05506443146419655,0.25359028025893726,-0.028493789962081573,0.6467027079851262,-0.11657592013865448,0.09868104023967969,0.38664268764855164,-0.0302037386066104,0.010273873356965835,-0.03603993739293868,-0.005252091133110234,-0.01619271858948964,0.04437090913347481,-0.20095387702722126
diff_sq,-0.018807262332615392,0.027083524140976867,0.27565436310519603,1.0,0.0070670707791406495,0.44862490633083524,-0.011936533954839729,0.006547253765089459,0.21958153049204054,0.027022202859758586,-0.016356047585711776,0.02985441845426471,-0.02909775271040054,0.027868638720315298,0.461965050146899,-0.01777319979824367,0.007175840438693104,-0.013049282573549103,-0.01190664336632912,-0.018645879063915446,-0.014101939064512287,0.004324144104069404,0.021118366716811394,0.15500338293582494,-0.03309263770913895,-0.05068141376210793,-0.07521559171425839,-0.4642988150891808,-0.0289724504896927,-0.061009335618782856,-0.003689680000023352,-0.015758257627847015,-0.009075256651588804,-0.020073801963792402,-0.04871472409902604,-0.01667113494572517,-0.12425749815653665,-0.010757778317544035,0.01968179094813589,-0.024167587220606475,0.0294654577091491,-0.023368245524667937,0.34612493185680626,-0.33744402403776774,0.04044516797211454,0.03681861538728844,0.497229611933447,0.18291462250888124,0.17473316064530656,0.050448233729514604,0.6372915526791364,0.3281667575015087,0.021126980420423835,0.2330454365349627,0.04806284267206676,0.6705594453335774,0.38017030607869606,0.030987043662146413,0.017696888765167583,-0.019692184726787496,0.015595391898335738,-0.0015466169674062257,0.026343684703318337,-0.06070525069834341
diff_epm,-0.041203488178229,-0.031308102798431416,0.08955300136247703,0.0070670707791406495,1.0,0.07752384554185396,-0.09702150430142291,-0.003777239748610435,-0.014505507379140302,-0.015939608297208786,0.015359281474532097,-0.021616064659402925,-0.04169654742522753,-0.017897190417273678,-0.027927674515204986,0.6619519516236108,-0.01442828283383314,-0.04587308377910591,-0.0771370898854888,-0.06700932963640424,-0.06276176949407493,0.05115643673339806,0.019059028472990253,-0.014586998971208647,-0.06172243905315512,-0.022689528572151865,-0.05075988471094861,-0.034430756219394586,-0.5444262069727714,-0.053976196918849605,-0.004399767419631037,6.327646355504302e-05,0.013498433524251242,-0.060012545396591975,-0.12025063168254113,0.006615041879656248,0.004659253613875347,-0.054503715986812785,-0.018872017596951795,0.009068006433997033,0.02122638269097798,-0.0031992448947098144,0.006188630526204331,0.0008044734197797879,0.01876066046455635,-0.023563934912940503,0.003932642214853664,0.020893890702560362,0.01776216047478192,-0.024699321532235332,0.006831578823264435,0.019653501137757587,0.006813555194564608,0.01183085730674643,-0.021635460260944536,0.024686712141504055,0.026918738757332143,0.0037236989760617623,-0.0320592369717115,-0.01976152352295504,0.004954072952783623,-0.03610394073980486,-0.005786155660252022,-0.13074772510103863
diff_income,-0.04504308098484974,-0.10295726447617594,0.6997185425425407,0.44862490633083524,0.07752384554185396,1.0,-0.12160917559362876,-0.20723699292002112,0.4295821812147833,0.01922355466252806,0.014911319841342146,0.0026188401446099207,-0.12444840942588851,0.08286020873199598,0.19575159299605688,0.0329768430141409,0.03033835029438102,-0.06603264606715058,-0.09741047393063777,-0.08084575668242734,-0.13719948898525108,0.039337936948836624,0.030856487617751963,0.32198930930589337,-0.17248289155430713,-0.06094378077434718,-0.1790896772344587,-0.21977763743415907,-0.06273034319647891,-0.10648742909073187,0.012310460556873827,0.02222911181767328,0.02016575214484431,0.046095618350749316,-0.114062824162276,-0.009272212569196626,-0.2277899249755662,0.04536132599796496,-0.016345376494132827,-0.012300042385517842,0.046895965247367576,-0.02524098437487611,0.06405683096003287,-0.05041708323411915,0.05527684599457992,-0.0036348898952198163,0.08329708338205714,0.3228707452921681,0.3019919740654625,-0.0372249052102241,0.19643335488357416,0.5833720582255051,-0.014216470634838125,0.44345697551181434,-0.06332184777122442,0.25993976374906796,0.705638791674373,-0.007777765720773241,-0.00692877679683398,-0.03682058373081478,0.004181665637038562,-0.021849649459428917,0.031903554476734076,-0.12573278515468206
tech_diff,0.0244693376071377,0.08481641479470553,-0.23130338943587936,-0.011936533954839729,-0.09702150430142291,-0.12160917559362876,1.0,0.1271273270895003,0.06048479801136983,-0.010322528797786801,-0.041373546903165054,0.021996427647387955,0.07413505294449202,0.023657012705511456,0.044241422398839596,-0.045396809414264175,0.047829499582534435,0.23098473237381145,0.2604869798233885,0.4498581562280153,0.09328460030573082,-0.10301492347489838,-0.014087702056396745,0.04352528017732724,0.061739783166355575,0.01958033099537112,0.10906176239892541,0.055229386781723955,0.07388986868780732,0.017560296295355143,-0.1562916230875859,-0.16052280147223272,-0.38767244489643526,-0.019066282912927435,0.17040592412151984,-0.007851938653197393,-0.03355068695350696,-0.06913616058437048,0.07021924958160361,-0.041856887082139804,-0.012514723910358539,0.009528645267571715,0.0011366963057117207,0.0029026604953154476,-0.016876417200253634,0.0944324108095341,-0.001275067518832035,-0.027870685951107015,-0.05097028273720769,0.15441921619547294,0.0081560344400491,-0.0610678848202521,-0.023269890189105195,-0.10592049903419103,0.16468723885758382,-0.0009344205408076796,-0.09699743782892206,-0.01642191552045004,0.016823842103249078,0.01330713102940037,-0.01578783104994849,0.028811405503583784,-0.02680934909511577,0.2574968305464861
army_supply_ratio_diff,0.028396105632540337,0.7578893104326884,-0.33402894017982576,0.006547253765089459,-0.003777239748610435,-0.20723699292002112,0.1271273270895003,1.0,0.09360572425051746,0.14775635125124992,-0.148163882244221,0.2044346482717474,0.2989135757528113,-0.04254084428595141,0.018031985292987156,0.009781477087383,-0.032973896129990056,0.10217205765975004,0.20350009948599893,0.056626542869024285,0.4521199345091395,0.07079866136843108,0.0008212706151484149,0.08994433958629963,0.45410197807366715,-0.21724845196527107,0.08257720366728583,0.01194686507066842,0.01580088323766222,0.06794932023865721,-0.0875818409830674,-0.1798857193344108,-0.04986456525247327,-0.43441203144630114,-0.03276257684286939,0.007345476170051131,-0.03348505077036916,-0.35086966008511755,0.1350618082594893,-0.14758259319272146,-0.017906865243295354,0.01994148186524374,-0.012799580603450317,0.003953552800633966,-0.028947335983540975,0.23745986730761431,-0.012206456995517073,-0.02947920719443229,-0.14542621771340494,0.42314874821516396,-0.014385239556233569,-0.09309325389601432,0.02267353987456225,-0.21323338897930402,0.5499091221909613,-0.0434048622657548,-0.13354709854584074,0.051403461277123884,0.004120502402595213,0.0025654465556318082,0.02242234510195614,0.006846334328613748,-0.03148614376894127,-0.07350374024726387
income_per_worker_diff,0.001654515441265831,-0.005184783368461706,-0.1738858486567768,0.21958153049204054,-0.014505507379140302,0.4295821812147833,0.06048479801136983,0.09360572425051746,1.0,0.019195161132006394,-0.03834603850654433,0.0399532153618832,-0.013714809993103087,-0.03789699092562603,0.10280459350782513,-0.009704752328640463,0.012654166455755633,0.014386786676386907,0.037751235228886765,0.023851029950329485,0.04050200652409638,-0.02988701130282988,-0.07178183569552378,0.520679545121871,0.032647898928396764,-0.011104390488553504,0.027602145566890352,-0.10058772140598274,0.007782132231417366,-0.007539061409511051,-0.03008749244460661,-0.042572337112320564,-0.026914756556042533,-0.04250031898086443,0.002736056999528915,0.1486522974735799,-0.7170942101913693,-0.012801392153866626,0.024617609537000866,-0.01577135452039517,-0.07902698437277002,0.11845206470719542,0.07956652281259599,-0.059852456707239564,-0.15091858258146765,0.034019413282958856,0.10145564509244984,0.2887371163419305,-0.1063545785442582,0.04619327592575032,0.1654240854211319,0.42789820740333334,0.016145168304416778,-0.13613276298184074,0.03828644766272396,0.1902723429914079,0.40724799780931786,0.03677250129847919,-0.033202998419235324,-0.018651677412836982,0.006300613452175434,-0.011778775301279923,-0.006513057293730228,0.05587564305006872
counter_advantage_p1,0.13799989544891975,0.06575313479403816,0.0046010590926167895,0.027022202859758586,-0.015939608297208786,0.01922355466252806,-0.010322528797786801,0.14775635125124992,0.019195161132006394,1.0,-0.04745762805399846,0.7135634991838223,0.07030164195020454,0.08815188572954262,0.057662793827663546,-0.0018881679249548738,0.10137788716005768,0.18847479187519572,0.20381170665064507,0.189249715132888,0.19283263328552697,0.054482139541187045,0.044791692549900314,0.04557542627622319,0.12402427374084656,0.02902074523140745,0.08439220381740203,0.03257098049352885,0.018372702891317837,0.11066017295222824,0.23542707687478365,0.18228419404422033,0.20412535134697343,0.06307924025021124,-0.034229425027871165,0.0194451615744329,0.015282379634726702,-0.01510306613349911,0.0414978612505682,0.0005338995610051487,0.058596286817427984,0.043615633754676975,-0.0040469005644241775,-0.00637425962411265,0.011880214847928776,0.034774699154344356,0.0016684863293858756,-0.00040536634294820016,0.003915459743808478,0.055213561577394515,0.01466937584354433,0.0033382425728116414,0.355020332967334,0.000791879827613888,0.07021963898016816,0.006747799462080907,-0.003323432224040207,0.45080315991565323,0.04999397231636622,0.08597023959411183,-0.06615801526472727,0.04314403175098581,0.32603102414291335,-0.023643989388774503
counter_advantage_p2,0.0760859368160133,-0.08224710721692174,0.05816272602027393,-0.016356047585711776,0.015359281474532097,0.014911319841342146,-0.041373546903165054,-0.148163882244221,-0.03834603850654433,-0.04745762805399846,1.0,-0.7336652020256568,-0.021943145208244048,0.06117063490756752,0.04084388092884206,0.00022688149761114086,0.09879961525283625,0.17322889081264786,0.11980398449655823,0.14437128935890495,0.026370121129755675,-0.015594759516031346,0.03871053903240748,0.022391247044586407,-0.02590096283963884,0.03489943122227654,0.03813427219271115,0.055927345470219665,-0.019485988377327908,0.04246278312858279,0.15935597159425688,0.17425216456394518,0.18425990422145858,0.15863871440557809,-0.004703603119146359,0.03964042238696825,0.06207683532642164,0.0627856886896917,-0.004668071040219955,0.04393160158172067,0.0503691083652547,0.05097736754763501,-0.0007640470277856642,-0.001030667475904494,-4.955296721130665e-05,-0.04052618462737316,0.00018973530034888984,-0.00020524000685970354,0.009911607503179395,-0.06149232926390342,-0.007867488601397927,0.00191285029695856,-0.36622413834870404,0.012783544866451113,-0.0690564561247267,-0.0034359507467219058,0.005989626082742737,-0.4573242018516333,0.030115650535812048,0.05025335018416679,-0.017699609481043026,0.048174504927951715,0.39554378317852407,0.02601475253265197
counter_advantage_diff,0.04051302333715706,0.10241693167926408,-0.03766422402970591,0.02985441845426471,-0.021616064659402925,0.0026188401446099207,0.021996427647387955,0.2044346482717474,0.0399532153618832,0.7135634991838223,-0.7336652020256568,1.0,0.06321513584802838,0.017063844487595594,0.010579593130425982,-0.0014436087328354673,-0.0003310484482335553,0.00671575954747637,0.05462032519003534,0.02748309123318665,0.11268422871569216,0.04800084618468863,0.0033199560110579703,0.015299151243933527,0.10253737783479838,-0.0047356286301772675,0.030663480410741406,-0.017069059152066402,0.026165637630364814,0.045497057517566566,0.048386548350804075,0.0017867297353820403,0.009625543580884806,-0.0683547587218656,-0.01998649496829495,-0.014574924331382464,-0.033143241895986976,-0.054310957041451065,0.03150416221071644,-0.030449583665373946,0.004533815512852325,-0.006083808957227289,-0.0022171279717960544,-0.0036133757991591276,0.008116599880808806,0.05208073925211565,0.0010019572185955153,-0.00013181024604232947,-0.004288211922353469,0.08069009222766264,0.015497353964807283,0.0009292951928599737,0.49837498362229155,-0.008427435297667936,0.09620372461835025,0.0070002870323127,-0.006461865560251868,0.6274297369662079,0.012887240659808303,0.023236893752027865,-0.03259165075528743,-0.004438755112902503,-0.055635218836306476,-0.03433072598967119
p1_combat,0.636610290211557,0.4367751548401722,-0.13105191633823982,-0.02909775271040054,-0.04169654742522753,-0.12444840942588851,0.07413505294449202,0.2989135757528113,-0.013714809993103087,0.07030164195020454,-0.021943145208244048,0.06321513584802838,1.0,0.677271181378578,0.3771041186230438,0.06075952376281383,0.529405375247184,0.5227375872624677,0.6368045176174408,0.5659742007265053,0.7953945075322439,0.2372113047919827,-0.22939048052601374,-0.05206139515437736,0.8636909262098845,0.7678367878905322,0.7102222875137897,0.4035193016095733,0.1215840784703636,0.5662223526674475,0.44705162659232317,0.5087841563828007,0.5209981529841848,0.5368803070919713,0.2434175187268087,-0.19627412142000483,-0.02683675977883059,0.33746894030641944,0.20432509211554914,0.08148387697375059,-0.16116497414089523,-0.13150248000734438,-0.03841726304190818,-0.025916318377461705,-0.023893860801159558,0.1055905815745568,-0.009243294160801642,-0.017626765457415972,-0.062279427255376635,0.20345421605602984,-0.02641420420409356,-0.045072431467422076,0.0031592848511969632,-0.08827615297754678,0.27780110394995383,-0.039295597077670316,-0.07340697562374295,0.010079891447388705,0.3277507200849064,0.6817382327896566,-0.09416065693646727,0.45832470763458794,-0.23141171504595695,0.17401939820088988
p1_workers,0.7355313680521458,0.02325855931634165,0.1269081289882112,0.027868638720315298,-0.017897190417273678,0.08286020873199598,0.023657012705511456,-0.04254084428595141,-0.03789699092562603,0.08815188572954262,0.06117063490756752,0.017063844487595594,0.677271181378578,1.0,0.6855345668737658,0.07910313381608808,0.6468546606280817,0.5992379652291928,0.631609663958883,0.642105870755508,0.5711224743328639,0.2417024651656236,-0.16041218939701116,-0.04347322581714407,0.5134149763190129,0.714139874331127,0.9295856187433399,0.6587959239977181,0.11152505359152118,0.621792912964026,0.6112511177603356,0.6638927538863943,0.6425826515720245,0.6146323257568584,0.24388642840912053,-0.17880816755967824,0.007794281478469204,0.31437239158393476,0.11680735804243353,0.1167724128931691,0.004324104781842289,-0.038723264754310344,-0.011104674294037128,-0.007682743773882069,0.032792039859979354,0.001943877159473107,-0.002532954476393947,0.014801104506499052,0.06733517739315603,0.003947697861420618,0.000500837859023628,0.034546407806713246,0.005697286248941393,0.09088585950217286,0.010700998540286626,-0.0008323101651110617,0.05052381169604122,0.013161679572498931,0.4607227032582908,0.6792823509975466,-0.16601059469729065,0.5612206603385439,-0.18662777870552405,0.1946268879703852
p1_sq,0.42431031011314313,0.018587583385145857,0.10320502368552004,0.461965050146899,-0.027927674515204986,0.19575159299605688,0.044241422398839596,0.018031985292987156,0.10280459350782513,0.057662793827663546,0.04084388092884206,0.010579593130425982,0.3771041186230438,0.6855345668737658,1.0,-0.00836674217426423,0.3617380001682917,0.38061629904189387,0.41540184755690995,0.40157161065661445,0.3583376604537506,0.1012811524186959,-0.06683762127610834,0.2533087389192226,0.29113723781233675,0.3936179232038388,0.6312410768233008,0.5710168823717713,0.026529776081195517,0.31916199173518495,0.37849196183693923,0.40906619491434243,0.37678190132242934,0.34578979688619427,0.11299405743579963,-0.07043796846865774,0.08937388530774346,0.13172134844988126,0.14511672565690045,0.11271982785291701,0.049434082722822514,0.03593318932610099,0.3342199814629277,0.02278739827019717,0.010679024048399492,0.029342901325609502,0.22736241347420305,0.0808463885464592,0.06520459845271051,0.04503708079266521,0.2914940260793814,0.14762739455567453,0.018952878632257433,0.09077411228592724,0.050591649346128593,0.2992462095675922,0.16925909491080657,0.026206898178771136,0.27318159820208454,0.37797509704251303,0.0010204661846093237,0.3435228343755759,-0.09833807751957246,0.10815826603992983
p1_epm,0.06306391991776478,-0.004513308740599988,0.04665670480198855,-0.01777319979824367,0.6619519516236108,0.0329768430141409,-0.045396809414264175,0.009781477087383,-0.009704752328640463,-0.0018881679249548738,0.00022688149761114086,-0.0014436087328354673,0.06075952376281383,0.07910313381608808,-0.00836674217426423,1.0,0.07034703830114397,0.010050719025161524,0.0003683173539485267,-0.009238359103062005,0.07605395591245957,0.16363730373780883,-0.08308943409659664,-0.01339082864603207,0.07474863077855746,0.06876732550542583,0.05992553324824307,0.00809614527301346,0.26834197497427414,0.08818550636646151,0.03493207264659056,0.04083033575640594,0.0291422158989552,0.06808563240120394,0.0903847890428636,-0.07194453314068391,0.00015253639691269384,0.03781908451682707,-0.0679355180781755,-0.05715549764551769,-0.07315935811134083,-0.07929938830596572,-0.05891947477761098,-0.0536957538940471,0.00407190843222374,-0.010085894331749341,-0.004062952142209009,0.0066253755044526404,0.009781958405631955,-0.01028541567609064,-0.0005006046147652905,0.010007539986669556,0.008918466353701034,0.0039134256734854695,-0.008319315033085882,0.0009117316206514954,0.006557714528221006,0.0051093229100676665,0.06561813287927858,0.08440864830681923,-0.016067349735704547,0.04569888890168304,-0.02257012815881442,-0.0045094227076716105
p1_scout,0.6244929186233813,0.030746994409328213,0.024187790237732987,0.007175840438693104,-0.01442828283383314,0.03033835029438102,0.047829499582534435,-0.032973896129990056,0.012654166455755633,0.10137788716005768,0.09879961525283625,-0.0003310484482335553,0.529405375247184,0.6468546606280817,0.3617380001682917,0.07034703830114397,1.0,0.48764548889155784,0.5100817555320318,0.5648184980106052,0.4731508772380622,0.1476238702152962,-0.19176225596114843,-0.07637012867703888,0.4503373073602632,0.5492753054266586,0.6228242983493376,0.35459843508083483,0.09726793457154821,0.5130164367408699,0.4860536051341828,0.5161774808491271,0.5422172648801328,0.5071749856008445,0.18792836681806413,-0.18619435695756206,-0.07679924315814209,0.3086590594958413,0.058434974636587714,0.06325596944321682,-0.08630026255394496,-0.09796366335007771,-0.021371721300552864,-0.015030799078150997,0.008167048104921627,-0.0030546201972326613,-0.004697343484512116,0.0046301184212423924,0.017409414214666935,-0.004977158708021333,-0.006384937833628051,0.008176055241094425,0.023871394970556434,0.025516412175195874,0.0014534123278533608,-0.01877317455159972,0.012543775835467638,0.024560088286459083,0.33821821526587564,0.5435191816636444,-0.1443094298880027,0.4505985342450021,-0.11693074648245487,0.14450407797776865
p1_army_entropy,0.6220955436862421,0.1108004766508853,-0.08732494747338718,-0.013049282573549103,-0.04587308377910591,-0.06603264606715058,0.23098473237381145,0.10217205765975004,0.014386786676386907,0.18847479187519572,0.17322889081264786,0.00671575954747637,0.5227375872624677,0.5992379652291928,0.38061629904189387,0.010050719025161524,0.48764548889155784,1.0,0.9177365462576387,0.7679081971264207,0.6076347015711974,0.09510351569060904,-0.1244573861363946,0.016632754661498026,0.5037114484192621,0.48506993698456785,0.6177542308667452,0.39217172894752783,0.07020415222406765,0.4975874110720662,0.5743959759292707,0.6024891916674606,0.5957870624945384,0.5225680525642764,0.1740031506140632,-0.11272359532347014,-0.002853565368959616,0.2551694252057668,0.11942628395844274,0.081508925197477,-0.01356653680491928,-0.005847367299598015,-0.010804824064286867,-0.010439025327881664,-0.005985160064109368,0.03351646191427336,-0.0003157526203591522,-0.004834462472403964,-0.028801489593682467,0.062333048427893195,0.0003701408076733286,-0.02306933503072606,0.006243062182395572,-0.055881897458510604,0.07571332401405856,-0.00036082955082151813,-0.04138251011610526,-0.0052786364414427545,0.3246094695659885,0.47471417449940617,-0.18239878010771166,0.4159712218278899,-0.045201524570598006,0.16927259683558493
p1_num_unit_types,0.6492423091326066,0.1886506538863954,-0.1431366090746092,-0.01190664336632912,-0.0771370898854888,-0.09741047393063777,0.2604869798233885,0.20350009948599893,0.037751235228886765,0.20381170665064507,0.11980398449655823,0.05462032519003534,0.6368045176174408,0.631609663958883,0.41540184755690995,0.0003683173539485267,0.5100817555320318,0.9177365462576387,1.0,0.8124086071679797,0.7427464318074948,0.10590659460002726,-0.1585391282017651,0.03850270803502538,0.6479650192507076,0.5526936663705234,0.6701133839034524,0.42585178660885636,0.09954947251214112,0.526471522913984,0.5875033401664255,0.628939056620879,0.6165818775730553,0.5687259627512856,0.20751862579794958,-0.14434276075341856,-0.011685578359273323,0.2975861150244052,0.16255620981913863,0.0964766520827354,-0.04769702598328332,-0.03504865940437494,-0.019873528739490217,-0.013375490338250803,-0.010016047246986426,0.057662967230157416,-0.0048042507375655255,-0.011591536173679511,-0.04301196297443978,0.10417804187707883,-0.0022676663279519362,-0.03734052368223461,0.012061088122337178,-0.07133179663561438,0.1331330591377224,-0.011334824023354366,-0.06118594038177201,0.0161694681976509,0.3475618510484214,0.5243985138688372,-0.17155848946008578,0.4700261797746791,-0.07719410655219126,0.20007180030880037
p1_tech_level,0.6987501740248477,0.06913016584778654,-0.13199335579749447,-0.018645879063915446,-0.06700932963640424,-0.08084575668242734,0.4498581562280153,0.056626542869024285,0.023851029950329485,0.189249715132888,0.14437128935890495,0.02748309123318665,0.5659742007265053,0.642105870755508,0.40157161065661445,-0.009238359103062005,0.5648184980106052,0.7679081971264207,0.8124086071679797,1.0,0.6298909541657618,0.08089496721839887,-0.16388142474591125,0.014335398922638977,0.5337890633255454,0.5613939273301541,0.6762245578661024,0.4182785963658136,0.0757824597068566,0.5312529030002989,0.603774546045817,0.641328895660022,0.648859481954761,0.585622538429791,0.19277399720809346,-0.1405254061827216,-0.015538738644947724,0.29858016866092896,0.13613045081065914,0.08126399727951658,-0.04698361939253502,-0.02407227524985717,-0.013817071853112598,-0.010585471146602162,-0.017819725948451416,0.04789707442437031,-0.002407645264502437,-0.01692451120884542,-0.037980906053569,0.08191067107069185,-0.005115990948723791,-0.03970082440831673,0.011411491166367515,-0.06882387510168321,0.09474039677600167,-0.01351760275294878,-0.060184461061100876,0.023394736893408184,0.3365134146054113,0.5340360361519308,-0.1951873781169039,0.4936082713898845,-0.028564222173668236,0.2036704533710208
p1_army_supply_ratio,0.6598392921395229,0.37645119847359054,-0.19093315566596838,-0.014101939064512287,-0.06276176949407493,-0.13719948898525108,0.09328460030573082,0.4521199345091395,0.04050200652409638,0.19283263328552697,0.026370121129755675,0.11268422871569216,0.7953945075322439,0.5711224743328639,0.3583376604537506,0.07605395591245957,0.4731508772380622,0.6076347015711974,0.7427464318074948,0.6298909541657618,1.0,0.23656553498911626,-0.21872959744586393,0.02424660476942462,0.9513070920139648,0.590049924333617,0.6287944785953882,0.3708980932221221,0.1657731201058013,0.5441807603249402,0.509776393862305,0.5555593356032205,0.5706535496762819,0.6069921931754356,0.23037178537570566,-0.18604997007651086,-0.026465631828846318,0.3872427525855117,0.21758035171958656,0.08158612368747459,-0.12098693344676285,-0.08807057626725143,-0.03367188060314523,-0.02043367650104219,-0.026040186791688427,0.11675516603015242,-0.009755637301044952,-0.021006998028469597,-0.0903703122467135,0.21275655305011862,-0.02005060671092581,-0.06154987693105676,0.02718570997602663,-0.12510189621796544,0.27782971017182356,-0.041114561655407285,-0.0904382078545412,0.047515667018518296,0.3971396496949392,0.5676961982106339,-0.15878836045608338,0.4619986220963835,-0.08337921857312769,0.15244199078211373
p1_recent_losses,0.22149111175822211,0.05526003486883642,0.06979028242821252,0.004324144104069404,0.05115643673339806,0.039337936948836624,-0.10301492347489838,0.07079866136843108,-0.02988701130282988,0.054482139541187045,-0.015594759516031346,0.04800084618468863,0.2372113047919827,0.2417024651656236,0.1012811524186959,0.16363730373780883,0.1476238702152962,0.09510351569060904,0.10590659460002726,0.08089496721839887,0.23656553498911626,1.0,-0.09854996981504206,-0.03609595572614533,0.229067140848603,0.2165714449048275,0.21014710026999678,0.09713933585409928,0.11737793294288021,0.20234924220784878,0.15622581447382103,0.18350903677621913,0.17126151274390486,0.17580856124913716,0.1920202670929822,-0.10361960277597147,0.004668168790873415,0.11290770434922769,-0.18251974109119104,-0.15543518587922428,-0.09248002401415778,-0.09049274454401632,-0.055222664964619035,-0.032626326599359184,-0.0022710374423074945,-0.025534559445219016,-0.01664139956196519,-0.034034710518975136,-0.009526911374829779,-0.014601868608465365,-0.0037064323736139774,-0.006363917648218505,0.014108109456555568,0.0032395623449707825,0.008709350325183263,-0.0042325517066179865,-0.0018645241799537164,0.025716952504579994,0.1770845613362918,0.23418092640819238,-0.04935402871562997,0.13022696285276575,-0.026320350003383744,-0.0924343436992421
p1_worker_growth_ratio,-0.17936681861074985,-0.0022119161861456666,0.12769725793381467,0.021118366716811394,0.019059028472990253,0.030856487617751963,-0.014087702056396745,0.0008212706151484149,-0.07178183569552378,0.044791692549900314,0.03871053903240748,0.0033199560110579703,-0.22939048052601374,-0.16041218939701116,-0.06683762127610834,-0.08308943409659664,-0.19176225596114843,-0.1244573861363946,-0.1585391282017651,-0.16388142474591125,-0.21872959744586393,-0.09854996981504206,1.0,-0.08465529230457546,-0.2410592640194273,-0.24591277839759224,-0.2041356722033797,-0.08629348259221215,-0.11747928196193944,-0.22555476870804686,-0.12482254228133349,-0.1624809000255832,-0.1571447619286839,-0.22160878222625663,-0.12235831916219815,0.1904647843842265,0.012876478008906017,-0.19701716208210837,-0.018793039678619207,0.011999551813238073,0.8888986458107218,0.14016900576331864,0.012028662635102199,0.033570014779136,0.5770337014955469,-0.025936841223528885,-0.015561952145968103,0.10970237707639313,0.2716713474190546,0.005281219975043951,0.04653061511063744,0.06417016770019769,0.007537851022759993,0.17900075540045823,0.006782051708759468,-0.0033891217142798936,0.042342321371135465,0.011778098167627928,-0.10752774408065831,-0.22268902278138739,0.016268662810990424,-0.17989795439346998,0.16667394156623871,-0.04301772073071693
p1_income_per_worker,-0.012713344025888772,0.02374991454101832,-0.08761892051485488,0.15500338293582494,-0.014586998971208647,0.32198930930589337,0.04352528017732724,0.08994433958629963,0.520679545121871,0.04557542627622319,0.022391247044586407,0.015299151243933527,-0.05206139515437736,-0.04347322581714407,0.2533087389192226,-0.01339082864603207,-0.07637012867703888,0.016632754661498026,0.03850270803502538,0.014335398922638977,0.02424660476942462,-0.03609595572614533,-0.08465529230457546,1.0,0.0017870613606556685,-0.07308266173863495,-0.009902153559147626,0.10948485929696265,0.003761819720869395,-0.11156190931495197,0.016721319930165946,0.0057506816549400845,-0.022286881713688474,-0.05565312711589653,-0.04019417583395768,0.03833661499354904,0.22166871686052164,-0.10575781344965772,0.02996915001149249,-0.0010575688513064917,-0.11095867959157363,0.022071949018920414,0.0991460985039724,0.004203112873817932,-0.1021390726862448,0.026314913207220403,0.06930061524987058,0.19620434121006214,-0.057712254099816354,0.03826707229936906,0.108657648332561,0.29737649846546826,0.011466605564980789,-0.05946791668823898,0.03848387450824521,0.12517456317719713,0.30038394871026175,0.020986049801341927,-0.10813627350881219,-0.07251096931121892,-0.035926455416633196,-0.11609517968390703,0.06077047828974688,-0.02385573313049895
p1_army_to_worker_ratio,0.6014086696425649,0.43705145738589724,-0.2240937437700607,-0.03309263770913895,-0.06172243905315512,-0.17248289155430713,0.061739783166355575,0.45410197807366715,0.032647898928396764,0.12402427374084656,-0.02590096283963884,0.10253737783479838,0.8636909262098845,0.5134149763190129,0.29113723781233675,0.07474863077855746,0.4503373073602632,0.5037114484192621,0.6479650192507076,0.5337890633255454,0.9513070920139648,0.229067140848603,-0.2410592640194273,0.0017870613606556685,1.0,0.6205769595273839,0.5847517439524406,0.32136840807765954,0.162976588556572,0.5162208459830749,0.4220191846873631,0.4742716379559668,0.49833942940882914,0.556055282048813,0.2330364572703232,-0.19507729147905448,-0.035830240230948524,0.3868140448697786,0.21768685340466135,0.07757543290980635,-0.1689284231484857,-0.12088518080035666,-0.041319182315779183,-0.02405695604424701,-0.03794424927907659,0.12018366427208421,-0.012708957931298746,-0.028541743646573754,-0.11066266039594992,0.22722852348957934,-0.03282808323968324,-0.07443215593938217,0.01844122460995427,-0.1490656693651002,0.3025614387019328,-0.05275940959892723,-0.10826553706622243,0.03404359104432072,0.35242850757337435,0.5692864101850358,-0.121709487785966,0.4280227571408727,-0.1546359557196266,0.1504343503026294
p2_combat,0.6388204109685703,-0.24093390338611584,-0.06113453937333592,-0.05068141376210793,-0.022689528572151865,-0.06094378077434718,0.01958033099537112,-0.21724845196527107,-0.011104390488553504,0.02902074523140745,0.03489943122227654,-0.0047356286301772675,0.7678367878905322,0.714139874331127,0.3936179232038388,0.06876732550542583,0.5492753054266586,0.48506993698456785,0.5526936663705234,0.5613939273301541,0.590049924333617,0.2165714449048275,-0.24591277839759224,-0.07308266173863495,0.6205769595273839,1.0,0.7202515766823078,0.43998885416952377,0.10611752438465966,0.5564338544991682,0.5048580431377944,0.6215554893079182,0.562750537281037,0.7894049826468571,0.24752100512083458,-0.20043732321113614,-0.046979374029316165,0.5356186195132051,0.1173927011086939,0.19710956239321284,-0.16821546089935013,-0.13258490165162942,-0.03139984471467245,-0.03357899630417804,-0.02849306508974382,-0.06442420973624458,0.0014330962381439605,-0.007852570489327748,-0.03783298207857436,-0.12262569193452147,-0.00319182211763697,-0.015536452864992728,0.009896718585259031,-0.041663908660175906,-0.16131866438344358,-0.014512887531588248,-0.025640620581065646,0.015617435556149932,0.3330209378659766,0.7051786580992652,-0.10366653283837347,0.47267341336517926,-0.22531098378569148,0.19849696470806868
p2_workers,0.7409723483457424,0.06459578571135664,-0.24765391684468263,-0.07521559171425839,-0.05075988471094861,-0.1790896772344587,0.10906176239892541,0.08257720366728583,0.027602145566890352,0.08439220381740203,0.03813427219271115,0.030663480410741406,0.7102222875137897,0.9295856187433399,0.6312410768233008,0.05992553324824307,0.6228242983493376,0.6177542308667452,0.6701133839034524,0.6762245578661024,0.6287944785953882,0.21014710026999678,-0.2041356722033797,-0.009902153559147626,0.5847517439524406,0.7202515766823078,1.0,0.6999948061383406,0.1322990530259834,0.6529201183135765,0.5826795952411371,0.6239318798028752,0.605034036355085,0.5613940163802744,0.285482818660217,-0.13480253770327555,-0.03960988486902811,0.26992911422907084,0.13352641460481635,0.11150663594424813,-0.058371434750357075,0.02057957505299381,-0.013469035656191121,-0.00725028726616456,-0.06055611222337209,0.020515995130941957,-0.004571801022189643,-0.025407681290501773,-0.11504425368800847,0.039039856838181584,-0.0199733533257346,-0.06049385261775051,0.01615340579959907,-0.1515493906827314,0.053773044648820253,-0.03748390908296281,-0.0943317154165112,0.024079658231005018,0.4461912046891786,0.6768791994160179,-0.16019846095358417,0.5541874639195942,-0.19877666375682196,0.2647777050132308
p2_sq,0.44113541034238374,-0.006507260988943271,-0.1520904620828688,-0.4642988150891808,-0.034430756219394586,-0.21977763743415907,0.055229386781723955,0.01194686507066842,-0.10058772140598274,0.03257098049352885,0.055927345470219665,-0.017069059152066402,0.4035193016095733,0.6587959239977181,0.5710168823717713,0.00809614527301346,0.35459843508083483,0.39217172894752783,0.42585178660885636,0.4182785963658136,0.3708980932221221,0.09713933585409928,-0.08629348259221215,0.10948485929696265,0.32136840807765954,0.43998885416952377,0.6999948061383406,1.0,0.053311026950346625,0.3751951223926838,0.38138679649842916,0.42309001019836934,0.3846641314086857,0.3638952107605433,0.15793043111755456,-0.05490983385103816,0.20426729332887766,0.14149793508105413,0.12669915585567768,0.13493504548447324,0.02209203745273526,0.05751409752816918,0.01337726526994035,0.3351039206491769,-0.02677286611402431,-0.004777811313046745,-0.23320019081086302,-0.08857579264755312,-0.09662307928269376,-0.0017211770579794112,-0.29880210614480895,-0.15633615006465368,-0.0006289205230307949,-0.12506423747141424,0.006033740081552192,-0.32185429666761234,-0.18287016837508352,-0.002511632500240117,0.2564252173293227,0.3956830192273721,-0.013416478510143241,0.34448207219531657,-0.12258732870024129,0.16420006402010134
p2_epm,0.123529217852743,0.03518666710046896,-0.06288134581411582,-0.0289724504896927,-0.5444262069727714,-0.06273034319647891,0.07388986868780732,0.01580088323766222,0.007782132231417366,0.018372702891317837,-0.019485988377327908,0.026165637630364814,0.1215840784703636,0.11152505359152118,0.026529776081195517,0.26834197497427414,0.09726793457154821,0.07020415222406765,0.09954947251214112,0.0757824597068566,0.1657731201058013,0.11737793294288021,-0.11747928196193944,0.003761819720869395,0.162976588556572,0.10611752438465966,0.1322990530259834,0.053311026950346625,1.0,0.16805810263850235,0.04474670806172005,0.04561144271159518,0.015264413573943064,0.15332253160292833,0.2556958040847935,-0.08901402428429778,-0.005817413563055627,0.11237158284605392,-0.05177137922539768,-0.07561635465679141,-0.10915214986356732,-0.08463134834368047,-0.07388980125622,-0.06112422648305042,-0.019554545649865255,0.018997574368113924,-0.009601071423072491,-0.019438636569670754,-0.01188121210031943,0.020233501549241025,-0.009340228478114289,-0.014059534609984038,0.0012237112715451483,-0.010825655572754484,0.01849604000514641,-0.03070727948222413,-0.027257544971596083,0.0009320534399444765,0.11463533343971845,0.11985845269696932,-0.02434780889612943,0.09754222339828925,-0.0178215546145281,0.16299172709370777
